#NBonds     : 46
#Left  Angle: 130
#Right Angle: 50
#Ring[1]    : 700
#Ring[2]    : 1150
#Ring[3]    : 1600
#Ring[4]    : 2500
#=======================================#
0 0 40 -1478 1761 40
95 0 35 -1347 2041 35
190 0 30 -981 1979 30
285 0 26 -813 2245 26
380 0 21 -466 2138 21
475 0 17 -264 2388 17
570 0 12 57 2242 12
665 0 12 311 1560 12
760 0 12 507 1122 12
855 0 12 311 2440 12
950 0 8 619 2276 8
1045 0 4 870 2493 4
1140 0 0 1149 2299 0
1235 0 0 1237 699 0
1330 0 0 1336 1599 0
1425 0 0 1429 1149 0
1615 0 4 1490 1595 4
1710 0 4 1620 1146 4
1995 0 13 1619 1555 13
2090 0 13 1822 1118 13
2185 0 13 2024 681 13
2280 0 13 1716 2435 13
2375 0 8 2026 2273 8
2470 0 8 2228 1581 8
2565 0 8 2392 1136 8
2660 0 8 2287 2472 8
2755 0 4 2582 2293 4
2850 0 0 2847 2499 0
2945 0 -4 3112 2293 -4
3040 0 -8 3406 2473 -8
3135 0 -12 3641 2243 -12
3230 0 -17 3963 2389 -17
3325 0 -17 3798 1528 -17
3420 0 -17 3764 1097 -17
3515 0 -17 4212 2191 -17
3610 0 -22 4549 2316 -22
3705 0 -22 4312 1480 -22
3800 0 -22 4243 1061 -22
3895 0 -23 4171 643 -23
3990 0 -23 5004 2284 -23
4085 0 -28 5180 2022 -28
4180 0 -33 5543 2095 -33
4275 0 -33 5160 1332 -33
4370 0 -34 5019 949 -34
4465 0 -35 5792 1878 -35
4560 0 -39 6166 1915 -39
