#NBonds     : 46
#Left  Angle: 130
#Right Angle: 50
#Ring[1]    : 700
#Ring[2]    : 1150
#Ring[3]    : 1600
#Ring[4]    : 2500
#=======================================#
0 0 40 -1478 1761 40
95 0 35 -1347 2041 35
190 0 34 -459 949 34
285 0 33 -599 1333 33
380 0 33 -873 1928 33
475 0 28 -714 2198 28
570 0 23 -362 2102 23
665 0 23 388 643 23
760 0 22 317 1061 22
855 0 22 248 1480 22
950 0 22 87 2131 22
1045 0 17 287 2382 17
1140 0 17 795 1097 17
1235 0 17 761 1528 17
1330 0 17 655 2198 17
1425 0 12 874 2438 12
1520 0 8 1183 2275 8
1615 0 4 1433 2493 4
1710 0 0 1713 2299 0
1805 0 -4 1993 2492 -4
1900 0 -8 2243 2274 -8
1995 0 -8 2167 1136 -8
2090 0 -8 2331 1581 -8
2185 0 -8 2564 2471 -8
2280 0 -13 2798 2240 -13
2375 0 -13 2535 681 -13
2470 0 -13 2737 1118 -13
2565 0 -13 2940 1555 -13
2850 0 -4 2939 1146 -4
2945 0 -4 3069 1595 -4
3135 0 0 3130 1149 0
3230 0 0 3223 1599 0
3325 0 0 3322 699 0
3420 0 0 3409 2499 0
3515 0 -4 3675 2294 -4
3610 0 -8 3968 2474 -8
3705 0 -12 4204 2245 -12
3800 0 -12 4051 1122 -12
3895 0 -12 4248 1560 -12
3990 0 -12 4546 2437 -12
4085 0 -17 4765 2197 -17
4180 0 -21 5100 2324 -21
4275 0 -26 5285 2066 -26
4370 0 -30 5642 2151 -30
4465 0 -35 5792 1878 -35
4560 0 -39 6166 1915 -39
