#NBonds     : 46
#Left  Angle: 135
#Right Angle: 45
#Ring[1]    : 700
#Ring[2]    : 1150
#Ring[3]    : 1600
#Ring[4]    : 2500
#=======================================#
0 0 45 -1626 1626 45
95 0 40 -1522 1906 40
190 0 35 -1153 1867 35
285 0 31 -1012 2136 31
380 0 26 -660 2051 26
475 0 22 -486 2307 22
570 0 22 130 1062 22
665 0 22 56 1479 22
760 0 21 497 649 21
855 0 21 263 1486 21
950 0 21 526 1069 21
1045 0 21 127 2325 21
1140 0 17 454 2195 17
1235 0 13 664 2433 13
1330 0 9 966 2271 9
1425 0 5 1205 2490 5
1520 0 0 1480 2299 0
1615 0 -3 1749 2496 -3
1710 0 -2 1768 1148 -2
1805 0 -2 1882 1598 -2
1900 0 -2 2004 2297 -2
1995 0 -6 2286 2482 -6
2090 0 -6 2273 1589 -6
2185 0 -6 2314 1142 -6
2280 0 -6 2358 695 -6
2565 0 0 2545 2499 0
2660 0 -3 2803 2295 -3
2755 0 -7 3086 2477 -7
2850 0 -7 2998 1140 -7
2945 0 -7 3145 1587 -7
3040 0 -6 3319 2282 -6
3135 0 -11 3612 2454 -11
3230 0 -15 3828 2220 -15
3325 0 -19 4146 2361 -19
3515 0 -21 4348 2143 -21
3610 0 -25 4684 2257 -25
3705 0 -25 4394 1443 -25
3800 0 -25 4298 1036 -25
3895 0 -26 4203 628 -26
3990 0 -26 4506 1027 -26
4085 0 -26 4809 1426 -26
4180 0 -27 5316 2226 -27
4275 0 -31 5472 1963 -31
4370 0 -35 5832 2027 -35
4465 0 -40 5953 1753 -40
4560 0 -44 6327 1767 -44
