#NBonds     : 49
#Left  Angle: 130
#Right Angle: 50
#Ring[1]    : 700
#Ring[2]    : 1150
#Ring[3]    : 1600
#Ring[4]    : 2500
#=======================================#
0 0 40 -739 880 40
95 0 38 -910 1244 38
190 0 37 -516 907 37
285 0 36 -676 1278 36
380 0 36 -981 1853 36
475 0 33 -905 2084 33
570 0 30 -607 1975 30
665 0 28 -514 2204 28
760 0 25 -231 2075 25
855 0 22 -120 2301 22
950 0 20 146 2155 20
1045 0 17 273 2378 17
1140 0 17 789 1095 17
1235 0 17 753 1525 17
1330 0 17 1123 668 17
1425 0 16 701 2393 16
1520 0 14 948 2227 14
1615 0 11 1096 2445 11
1710 0 9 1327 2268 9
1805 0 7 1492 2480 7
1900 0 4 1706 2291 4
1995 0 2 1887 2497 2
2090 0 0 2085 2299 0
2185 0 0 2182 1149 0
2280 0 0 2276 1599 0
2375 0 0 2373 699 0
2470 0 0 2465 2299 0
2565 0 -2 2662 2498 -2
2660 0 -4 2844 2292 -4
2755 0 -6 3058 2481 -6
2850 0 -9 3223 2269 -9
2945 0 -11 3453 2447 -11
3040 0 -14 3602 2230 -14
3135 0 -16 3848 2395 -16
3230 0 -16 3562 1100 -16
3325 0 -16 3792 1530 -16
3420 0 -17 3628 668 -17
3515 0 -17 4275 2381 -17
3610 0 -20 4403 2158 -20
3705 0 -22 4670 2306 -22
3800 0 -25 4781 2079 -25
3895 0 -27 5063 2210 -27
3990 0 -30 5158 1981 -30
4085 0 -33 5454 2091 -33
4180 0 -35 5531 1860 -35
4275 0 -36 4965 919 -36
4370 0 -37 5352 1262 -37
4465 0 -38 5187 895 -38
4560 0 -39 5588 1225 -39
