   0  339.2  326.6   93.5   66.0
   1  341.6  339.9   82.6   66.4
   2  363.2  364.7   69.6   66.6
   3  376.2  374.2   63.2   66.8
   4  382.5  385.4   61.1   66.8
   5  390.5  390.2   59.8   66.8
   6  393.7  396.8   58.2   66.8
   7  396.7  402.3   56.6   66.8
   8  401.1  406.4   56.6   66.7
   9  403.8  408.6   54.9   66.7
  10  407.2  411.4   54.5   66.7
  11  409.0  413.8   54.5   66.6
  12  413.2  415.1   56.4   66.6
  13  413.2  417.6   56.1   66.5
  14  416.4  419.2   57.0   66.5
  15  418.3  421.9   57.7   66.5
  16  421.3  423.1   58.4   66.5
  17  422.0  425.4   60.7   66.5
  18  422.2  425.5   61.2   66.5
  19  424.1  426.6   61.3   66.4
  20  425.1  428.2   62.4   66.4
  21  425.2  428.6   63.7   66.4
  22  426.1  428.7   63.4   66.4
  23  426.6  429.5   63.5   66.4
  24  426.6  430.6   62.6   66.4
  25  428.7  431.6   64.1   66.4
  26  427.9  432.2   65.1   66.4
  27  428.1  433.3   65.2   66.5
  28  428.7  433.6   65.0   66.5
  29  430.0  434.2   65.5   66.5
  30  430.5  434.1   65.5   66.5
  31  429.9  434.7   65.8   66.5
  32  430.0  434.6   64.3   66.5
  33  430.3  434.9   65.8   66.5
  34  430.6  434.7   67.0   66.5
  35  430.6  436.1   67.0   66.5
  36  431.0  436.2   67.5   66.6
  37  430.4  435.4   67.0   66.6
  38  431.3  436.7   67.1   66.6
  39  431.4  435.7   67.4   66.6
  40  431.6  436.5   66.7   66.6
  41  431.2  436.0   67.0   66.6
  42  431.8  436.2   67.5   66.6
  43  431.5  435.5   68.5   66.6
  44  431.3  436.8   66.7   66.7
  45  432.1  436.7   67.0   66.7
  46  432.6  435.7   66.2   66.7
  47  433.1  436.5   67.1   66.7
  48  433.4  437.1   68.7   66.7
  49  433.1  436.6   68.5   66.7
  50  433.1  437.5   68.8   66.7
  51  432.9  437.2   68.3   66.8
  52  432.5  437.1   68.6   66.8
  53  432.9  436.6   67.7   66.8
  54  433.6  436.7   68.9   66.8
  55  432.8  436.5   68.4   66.8
  56  433.4  436.6   68.0   66.8
  57  433.7  437.5   67.7   66.8
  58  434.4  438.0   67.4   66.8
  59  434.2  437.9   69.4   66.9
  60  434.0  437.7   68.8   66.9
  61  435.0  437.2   68.4   66.9
  62  435.2  438.0   67.7   66.9
  63  435.5  437.9   67.5   66.9
  64  435.5  438.7   68.5   66.9
  65  436.1  438.6   68.5   66.9
  66  435.9  437.8   68.8   66.9
  67  436.7  438.6   69.1   66.9
  68  436.1  438.3   68.9   67.0
  69  435.9  438.4   70.4   67.0
  70  436.0  439.2   69.6   67.0
  71  436.4  439.2   68.8   67.0
  72  436.3  439.5   69.0   67.0
  73  436.1  439.6   69.9   67.0
  74  436.5  439.2   69.4   67.0
  75  437.2  439.8   69.4   67.0
  76  436.6  439.3   69.7   67.0
  77  436.1  440.2   70.8   67.1
  78  435.9  440.1   71.5   67.1
  79  435.1  438.9   70.4   67.1
  80  436.0  439.9   70.5   67.1
  81  437.3  440.3   71.2   67.1
  82  436.6  440.3   71.8   67.1
  83  436.3  440.5   71.5   67.1
  84  436.1  440.5   71.4   67.1
  85  436.4  440.8   70.2   67.1
  86  437.4  440.4   70.2   67.2
  87  437.3  440.2   71.5   67.2
  88  436.6  441.2   70.5   67.2
  89  437.3  439.8   70.7   67.2
  90  437.7  439.7   71.9   67.2
  91  438.0  440.6   71.3   67.2
  92  437.1  440.2   71.5   67.2
  93  437.2  441.0   71.8   67.2
  94  437.2  440.9   71.1   67.2
  95  438.1  442.0   70.8   67.2
  96  437.7  441.4   71.0   67.2
  97  438.6  442.6   71.0   67.2
  98  438.0  441.9   70.4   67.3
  99  439.2  441.7   71.0   67.3
 100  439.1  440.9   71.9   67.3
 101  438.8  440.8   71.0   67.3
 102  438.8  441.0   70.8   67.3
 103  439.0  441.3   72.2   67.3
 104  438.1  441.6   71.3   67.3
 105  439.0  442.5   72.1   67.3
 106  437.8  441.5   72.0   67.3
 107  438.5  442.6   72.0   67.3
 108  438.3  441.5   71.9   67.3
 109  438.4  442.4   73.0   67.3
 110  438.5  442.5   71.4   67.3
 111  438.3  441.6   72.3   67.3
 112  438.5  441.8   71.9   67.4
 113  438.2  442.4   71.0   67.4
 114  439.5  442.7   71.5   67.4
 115  438.9  442.4   72.1   67.4
 116  439.4  442.0   71.8   67.4
 117  440.2  442.2   72.7   67.4
 118  438.9  442.6   71.9   67.4
 119  439.7  443.0   72.3   67.4
 120  439.5  443.0   72.7   67.4
 121  440.0  443.2   73.4   67.4
 122  438.8  443.6   73.6   67.4
 123  438.8  443.3   73.5   67.4
 124  440.0  443.0   73.4   67.4
 125  439.4  444.1   73.0   67.4
 126  439.0  443.4   72.0   67.4
 127  439.9  444.3   72.8   67.4
 128  439.6  443.5   73.3   67.5
 129  440.3  444.6   72.5   67.5
 130  440.9  444.4   72.0   67.5
 131  441.0  443.6   72.7   67.5
 132  439.9  444.5   72.6   67.5
 133  440.8  443.7   73.9   67.5
 134  439.5  444.5   73.8   67.5
 135  440.4  443.5   73.0   67.5
 136  440.5  444.0   72.6   67.5
 137  440.6  443.5   73.2   67.5
 138  440.5  444.2   74.1   67.5
 139  440.2  444.6   73.0   67.5
 140  441.1  444.7   73.9   67.5
 141  440.6  445.0   73.5   67.5
 142  440.0  444.2   73.8   67.5
 143  440.5  444.6   73.4   67.5
 144  440.2  444.1   73.0   67.5
 145  439.9  444.6   73.3   67.5
 146  440.7  444.0   74.4   67.5
 147  439.6  444.2   75.1   67.5
 148  440.5  444.1   74.5   67.5
 149  440.8  444.3   74.5   67.6
 150  440.5  444.7   74.3   67.6
 151  440.6  444.9   74.6   67.6
 152  440.5  445.1   74.6   67.6
 153  439.5  444.8   73.8   67.6
 154  439.8  445.1   74.2   67.6
 155  440.2  445.5   73.8   67.6
 156  439.9  445.8   74.7   67.6
 157  440.3  445.4   74.5   67.6
 158  440.3  445.0   74.3   67.6
 159  440.0  444.8   74.2   67.6
 160  439.8  445.0   73.7   67.6
 161  440.9  444.9   74.2   67.6
 162  440.8  445.4   74.5   67.6
 163  440.9  445.3   75.1   67.6
 164  441.2  445.5   74.6   67.6
 165  440.2  445.4   74.1   67.6
 166  440.0  445.6   73.4   67.6
 167  440.7  445.7   74.0   67.6
 168  441.1  445.4   75.2   67.6
 169  440.5  445.5   74.1   67.6
 170  441.2  445.2   74.7   67.7
 171  440.9  445.6   74.2   67.7
 172  441.6  446.2   74.9   67.7
 173  440.6  445.4   73.8   67.7
 174  442.1  445.5   74.3   67.7
 175  441.4  445.3   73.8   67.7
 176  441.4  445.1   74.2   67.7
 177  440.7  445.6   74.4   67.7
 178  441.0  445.8   75.5   67.7
 179  441.4  445.2   76.1   67.7
 180  440.7  446.0   75.6   67.7
 181  440.8  445.4   76.1   67.7
 182  440.7  445.4   76.0   67.7
 183  440.5  445.9   76.3   67.7
 184  440.7  446.3   76.2   67.7
 185  440.9  446.3   76.1   67.7
 186  440.1  445.8   74.9   67.7
 187  441.5  446.8   75.7   67.7
 188  440.6  446.3   75.2   67.7
 189  441.2  445.5   74.7   67.7
 190  441.8  445.9   74.9   67.7
 191  441.7  446.9   74.6   67.7
 192  442.1  446.0   74.3   67.7
 193  442.1  446.4   75.3   67.7
 194  441.2  446.1   75.3   67.7
 195  441.8  446.5   75.2   67.7
 196  441.0  447.1   75.3   67.7
 197  441.5  447.0   74.6   67.7
 198  441.9  446.7   75.1   67.7
 199  442.4  446.6   75.1   67.7
 200  441.7  447.4   75.5   67.7
 201  441.8  447.2   75.0   67.7
 202  441.9  446.4   74.8   67.7
 203  442.0  446.8   74.9   67.7
 204  442.3  446.9   75.5   67.7
 205  442.0  447.1   76.4   67.7
 206  442.2  447.1   76.1   67.7
 207  441.9  447.7   76.3   67.8
 208  441.7  447.9   76.8   67.8
 209  442.5  447.4   76.6   67.8
 210  441.0  446.8   76.7   67.8
 211  441.1  447.6   77.0   67.8
 212  441.9  447.2   76.1   67.8
 213  442.0  447.8   75.5   67.8
 214  442.3  447.5   76.1   67.8
 215  442.1  447.9   75.4   67.8
 216  441.9  447.5   75.2   67.8
 217  441.9  447.2   75.5   67.8
 218  442.6  447.6   75.3   67.8
 219  441.7  447.7   75.7   67.8
 220  441.4  448.2   75.7   67.8
 221  442.1  447.9   75.9   67.8
 222  441.8  447.6   75.4   67.8
 223  442.0  448.2   75.0   67.8
 224  441.9  448.0   75.5   67.8
 225  442.1  448.0   76.1   67.8
 226  441.9  447.9   75.9   67.8
 227  442.6  448.8   76.3   67.8
 228  442.3  448.4   75.9   67.8
 229  441.7  448.5   75.7   67.8
 230  442.2  448.4   75.9   67.8
 231  441.3  448.0   76.1   67.8
 232  441.6  448.3   76.2   67.8
 233  442.0  448.4   76.5   67.8
 234  441.6  448.7   76.5   67.8
 235  441.4  448.8   77.1   67.8
 236  441.7  448.3   76.3   67.8
 237  441.8  448.0   77.5   67.8
 238  441.8  449.3   77.0   67.8
 239  441.7  448.6   77.1   67.8
 240  441.8  448.7   77.0   67.8
 241  441.8  448.7   77.8   67.8
 242  441.4  448.5   77.6   67.8
 243  441.2  449.0   77.4   67.8
 244  440.9  448.2   76.1   67.8
 245  441.7  448.6   77.2   67.8
 246  441.5  449.0   76.1   67.8
 247  441.6  448.6   76.2   67.8
 248  440.6  449.6   76.6   67.8
 249  441.3  448.5   76.9   67.8
 250  441.3  448.8   76.1   67.8
 251  441.4  448.9   76.4   67.8
 252  440.7  448.4   77.2   67.8
 253  441.4  448.1   76.3   67.8
 254  441.2  448.8   76.3   67.8
 255  440.7  448.7   76.0   67.8
 256  441.3  449.2   76.4   67.8
 257  441.6  448.4   76.4   67.9
 258  440.9  449.2   76.7   67.9
 259  441.6  449.0   76.8   67.9
 260  441.1  449.6   76.2   67.9
 261  441.0  449.3   76.8   67.9
 262  441.3  448.9   76.2   67.9
 263  440.8  448.8   76.6   67.9
 264  441.4  449.4   77.0   67.9
 265  441.7  448.7   77.1   67.9
 266  441.1  448.9   77.8   67.9
 267  441.6  449.4   77.0   67.9
 268  441.3  449.1   76.3   67.9
 269  441.1  448.8   76.6   67.9
 270  440.6  449.2   77.0   67.9
 271  441.2  449.6   77.1   67.9
 272  441.4  448.9   77.5   67.9
 273  441.0  449.3   77.9   67.9
 274  440.9  449.2   78.3   67.9
 275  440.6  450.2   76.6   67.9
 276  441.2  450.2   76.4   67.9
 277  441.0  449.8   75.6   67.9
 278  441.5  450.1   75.6   67.9
 279  441.3  450.2   76.5   67.9
 280  441.6  450.5   76.3   67.9
 281  441.0  449.6   77.1   67.9
 282  440.9  449.6   77.0   67.9
 283  441.3  449.7   76.9   67.9
 284  440.8  449.8   76.2   67.9
 285  440.6  450.0   77.4   67.9
 286  441.4  449.9   76.9   67.9
 287  441.4  450.3   76.7   67.9
 288  441.1  450.4   76.8   67.9
 289  441.3  450.0   76.7   67.9
 290  441.1  450.2   76.5   67.9
 291  440.9  450.1   76.5   67.9
 292  441.3  449.8   76.4   67.9
 293  441.3  450.0   77.0   67.9
 294  441.1  450.1   77.4   67.9
 295  440.6  450.2   76.4   67.9
 296  441.0  449.9   77.0   67.9
 297  441.0  450.2   77.1   67.9
 298  440.8  450.0   76.8   67.9
 299  441.4  450.2   77.7   67.9
 300  441.4  450.7   77.0   67.9
 301  441.1  450.3   77.5   67.9
 302  441.2  450.0   76.6   67.9
 303  441.2  450.4   76.3   67.9
 304  441.2  450.4   76.8   67.9
 305  440.7  450.7   78.2   67.9
 306  441.0  450.2   78.5   67.9
 307  440.9  450.9   77.8   67.9
 308  440.7  450.5   77.5   67.9
 309  440.6  450.9   77.1   67.9
 310  440.7  450.7   78.3   67.9
 311  440.5  450.3   78.6   67.9
 312  440.7  450.9   78.6   67.9
 313  441.1  450.7   78.4   67.9
 314  440.6  451.3   77.4   67.9
 315  440.5  450.8   76.8   67.9
 316  440.8  450.9   77.5   67.9
 317  440.5  449.9   77.8   67.9
 318  440.9  451.1   77.9   67.9
 319  440.9  451.2   77.8   67.9
 320  440.7  450.7   77.1   67.9
 321  440.7  451.0   78.5   67.9
 322  440.6  450.9   77.6   67.9
 323  440.5  450.7   76.5   67.9
 324  440.9  451.0   76.6   67.9
 325  440.9  451.1   77.1   67.9
 326  440.6  451.4   77.5   67.9
 327  440.3  451.1   77.3   67.9
 328  440.6  450.9   77.3   67.9
 329  440.8  450.9   77.3   67.9
 330  440.9  450.7   77.4   67.9
 331  440.7  451.1   76.7   67.9
 332  440.4  451.3   77.2   67.9
 333  440.9  451.3   77.7   67.9
 334  440.7  451.0   76.9   67.9
 335  440.4  451.5   78.1   67.9
 336  439.9  451.0   79.0   67.9
 337  440.6  451.6   77.2   67.9
 338  440.5  452.0   77.2   67.9
 339  441.0  451.3   77.9   67.9
 340  440.5  451.5   77.3   67.9
 341  440.5  451.7   76.9   67.9
 342  440.6  451.3   77.4   67.9
 343  440.2  451.9   77.6   67.9
 344  440.7  451.7   77.7   67.9
 345  440.5  452.0   77.4   67.9
 346  440.5  451.3   77.5   67.9
 347  440.6  451.3   77.4   67.9
 348  440.1  451.7   77.5   67.9
 349  441.1  451.4   78.1   67.9
 350  440.4  451.4   78.0   67.9
 351  440.4  451.5   78.6   67.9
 352  440.2  452.0   77.3   67.9
 353  440.5  451.4   77.7   67.9
 354  440.5  451.7   78.1   67.9
 355  440.3  451.9   78.4   67.9
 356  440.7  451.8   78.6   67.9
 357  440.1  452.0   78.2   67.9
 358  440.4  451.6   78.5   67.9
 359  440.8  451.8   78.6   67.9
 360  440.6  451.8   77.7   67.9
 361  440.2  451.8   78.6   67.9
 362  440.0  451.8   79.0   67.9
 363  440.6  451.8   78.5   67.9
 364  440.0  451.4   78.5   67.9
 365  440.1  452.0   78.4   67.9
 366  440.7  451.5   78.6   67.9
 367  440.4  452.6   77.7   67.9
 368  440.5  452.0   77.6   67.9
 369  440.5  452.2   78.1   67.9
 370  440.2  452.2   78.6   67.9
 371  440.6  452.3   77.8   67.9
 372  440.1  452.1   77.6   67.9
 373  440.2  451.6   77.8   67.9
 374  440.4  452.8   78.1   67.9
 375  439.9  452.2   77.8   67.9
 376  439.8  452.1   77.0   67.9
 377  439.8  452.1   77.6   67.9
 378  440.3  452.5   77.9   67.9
 379  440.2  452.7   78.1   67.9
 380  440.4  452.4   77.7   67.9
 381  440.8  452.6   78.0   67.9
 382  440.5  452.0   78.1   67.9
 383  440.6  451.8   78.2   67.9
 384  440.5  452.3   77.9   67.9
 385  440.5  452.1   77.9   67.9
 386  440.6  453.0   78.5   67.9
 387  440.0  452.6   77.4   67.9
 388  440.4  452.5   77.3   67.9
 389  440.3  452.7   78.5   67.9
 390  440.4  452.4   78.3   67.9
 391  440.7  452.6   78.5   67.9
 392  440.8  452.1   79.2   67.9
 393  441.0  452.2   78.5   67.9
 394  440.7  452.7   78.5   67.9
 395  440.8  452.4   79.0   67.9
 396  440.8  452.6   78.3   67.9
 397  440.9  452.8   78.8   67.9
 398  440.4  452.7   78.1   67.9
 399  440.9  452.1   78.5   67.9
 400  440.6  452.4   79.4   67.9
 401  440.5  452.7   79.4   67.9
 402  440.8  452.5   78.4   67.9
 403  440.5  452.9   78.5   67.9
 404  440.7  453.0   78.9   67.9
 405  440.5  452.9   78.4   67.9
 406  440.2  452.4   78.9   67.9
 407  440.2  452.8   79.2   67.9
 408  440.5  453.0   78.7   67.9
 409  440.1  452.8   78.7   67.9
 410  440.1  453.0   78.8   67.9
 411  440.1  453.2   78.5   67.9
 412  440.6  452.1   78.3   67.9
 413  440.6  453.1   78.6   67.9
 414  440.9  452.6   78.0   67.9
 415  440.5  453.2   77.9   67.9
 416  440.7  452.7   78.1   67.9
 417  440.7  453.0   77.6   67.9
 418  440.5  452.6   78.0   67.9
 419  440.5  452.8   78.9   67.9
 420  440.9  452.8   78.3   67.9
 421  441.1  452.5   78.2   67.9
 422  440.6  453.2   77.8   67.9
 423  440.6  452.4   78.8   67.9
 424  440.2  452.7   77.8   67.9
 425  440.5  452.2   77.7   67.9
 426  440.0  452.2   79.2   67.9
 427  440.2  452.7   78.3   67.9
 428  440.4  453.5   79.0   67.9
 429  440.3  453.3   79.2   67.9
 430  439.8  452.8   78.7   67.9
 431  440.3  452.8   79.8   67.9
 432  440.3  452.8   79.1   67.9
 433  440.4  453.3   79.9   67.9
 434  439.7  452.0   79.9   67.9
 435  440.3  452.3   79.0   67.9
 436  440.8  452.0   79.1   67.9
 437  440.8  451.8   79.1   67.9
 438  440.8  451.7   79.2   67.9
 439  440.2  452.2   78.2   67.9
 440  440.2  452.7   78.5   67.9
 441  440.5  452.5   77.8   67.9
 442  440.3  452.7   77.8   67.9
 443  440.1  452.3   78.1   67.9
 444  440.5  452.6   77.5   67.9
 445  440.1  452.5   78.2   67.9
 446  440.1  452.2   77.9   67.9
 447  440.2  453.2   78.7   67.9
 448  440.8  452.3   78.7   67.9
 449  439.9  453.0   79.4   67.9
 450  439.9  452.8   79.0   67.9
 451  440.0  452.7   79.3   67.9
 452  440.3  453.2   79.4   67.9
 453  440.0  453.8   79.2   67.9
 454  440.2  453.5   79.1   67.9
 455  439.8  452.4   78.8   67.9
 456  440.1  452.0   79.1   67.9
 457  440.4  452.9   78.4   67.9
 458  440.5  452.8   78.3   67.9
 459  440.1  452.3   78.5   67.9
 460  440.0  452.7   79.0   67.9
 461  440.5  452.1   79.0   67.9
 462  440.7  453.1   79.8   67.9
 463  440.7  452.9   79.8   67.9
 464  440.3  452.9   79.3   67.9
 465  439.8  452.8   78.9   67.9
 466  440.0  453.1   77.9   67.9
 467  439.9  453.1   78.2   67.9
 468  440.3  453.2   78.0   67.9
 469  440.1  453.0   78.6   67.9
 470  440.3  453.6   79.0   67.9
 471  440.4  453.2   78.8   67.9
 472  440.5  452.5   79.5   67.9
 473  440.4  453.4   79.6   67.9
 474  439.7  453.4   79.0   67.9
 475  440.1  453.2   78.4   67.9
 476  439.7  453.5   78.9   67.9
 477  439.4  452.6   79.1   67.9
 478  439.5  453.6   79.1   67.9
 479  440.4  453.3   79.4   67.9
 480  439.8  453.3   78.8   67.9
 481  439.7  453.8   78.0   67.9
 482  440.0  454.0   79.1   67.9
 483  440.3  454.4   79.2   67.9
 484  439.8  453.7   78.6   67.9
 485  439.7  453.8   78.0   67.9
 486  440.2  454.2   79.2   67.9
 487  440.5  454.0   79.2   67.9
 488  440.5  452.9   79.2   67.9
 489  440.4  452.4   78.4   67.9
 490  440.4  453.2   78.1   67.9
 491  440.1  453.1   77.6   67.9
 492  440.5  453.4   78.4   67.9
 493  440.6  452.7   78.2   67.9
 494  440.7  452.8   78.7   67.9
 495  440.8  453.4   79.1   67.9
 496  440.4  453.8   79.2   67.9
 497  440.4  454.1   78.9   67.9
 498  440.4  453.9   78.8   67.9
 499  440.6  453.9   78.9   67.9
 500  440.4  453.3   78.8   67.9
 501  440.3  453.6   78.5   67.9
 502  439.9  453.9   78.3   67.9
 503  439.7  454.2   79.1   67.9
 504  440.9  454.3   79.4   67.9
 505  440.4  454.3   80.0   67.9
 506  440.3  454.5   80.1   67.9
 507  440.6  454.0   79.6   67.9
 508  440.4  454.4   79.6   67.9
 509  440.4  454.8   79.7   67.9
 510  440.3  454.7   79.2   67.9
 511  440.5  454.0   79.1   67.9
 512  440.7  453.6   78.9   67.9
 513  440.6  453.7   79.0   67.9
 514  441.0  453.7   79.0   67.9
 515  440.0  454.5   79.7   67.9
 516  440.4  453.7   79.4   67.9
 517  440.6  453.0   79.0   67.9
 518  440.5  454.1   80.0   67.9
 519  440.3  454.0   80.5   67.9
 520  440.6  453.3   79.6   67.9
 521  440.4  453.5   80.1   67.9
 522  440.5  453.8   80.8   67.9
 523  440.4  454.2   80.3   67.9
 524  440.4  454.7   79.7   67.9
 525  440.1  454.4   79.2   67.9
 526  440.6  453.6   78.1   67.9
 527  440.5  453.7   78.0   67.9
 528  440.6  453.7   78.6   67.9
 529  440.5  453.3   78.8   67.9
 530  440.5  453.2   79.0   67.9
 531  440.0  453.4   79.9   67.9
 532  439.8  453.6   80.5   67.9
 533  440.9  453.6   79.7   67.9
 534  440.1  454.0   80.4   67.9
 535  440.1  454.1   79.2   67.9
 536  440.3  453.5   79.0   67.9
 537  440.2  454.4   78.4   67.9
 538  439.9  454.5   78.3   67.9
 539  440.3  455.0   78.3   67.9
 540  440.5  454.7   78.3   67.9
 541  440.7  454.3   78.1   67.9
 542  440.3  454.4   78.2   67.9
 543  440.2  454.3   78.8   67.9
 544  440.7  454.0   79.5   67.9
 545  440.2  453.7   79.8   67.9
 546  440.5  453.2   79.8   67.9
 547  440.1  453.2   79.5   67.9
 548  440.1  453.9   79.8   67.9
 549  440.5  453.5   79.9   67.9
 550  440.7  453.7   78.7   67.9
 551  440.6  453.5   79.1   67.9
 552  440.8  454.4   79.9   67.9
 553  440.7  454.1   79.0   67.9
 554  440.8  454.4   79.6   67.9
 555  440.3  454.2   78.5   67.9
 556  440.4  454.1   78.8   67.9
 557  440.7  454.8   79.0   67.9
 558  440.9  455.0   79.5   67.9
 559  440.1  455.0   79.2   67.9
 560  440.0  454.6   79.1   67.9
 561  440.4  454.7   79.0   67.9
 562  440.7  454.1   78.6   67.9
 563  440.0  454.6   78.3   67.9
 564  440.1  454.7   78.6   67.9
 565  440.4  454.1   78.9   67.9
 566  440.2  454.2   78.4   67.9
 567  439.9  454.4   78.3   67.9
 568  440.1  454.5   78.5   67.9
 569  440.3  454.7   78.6   67.9
 570  440.0  455.0   79.2   67.9
 571  440.5  454.4   78.8   67.9
 572  440.5  453.9   79.2   67.9
 573  439.9  454.5   79.3   67.9
 574  440.3  454.4   78.9   67.9
 575  439.9  455.1   77.9   67.9
 576  439.9  453.7   78.2   67.9
 577  440.1  454.5   79.3   67.9
 578  439.8  455.0   78.7   67.9
 579  439.8  454.8   79.6   67.9
 580  440.4  454.8   78.9   67.9
 581  440.5  455.2   79.0   67.9
 582  440.6  454.3   79.3   67.9
 583  440.4  454.8   79.7   67.9
 584  440.7  454.3   80.1   67.9
 585  440.1  454.1   79.9   67.9
 586  440.3  453.9   79.4   67.9
 587  440.3  454.5   79.7   67.9
 588  440.4  454.7   80.1   67.9
 589  440.6  454.1   79.8   67.9
 590  440.4  454.3   79.0   67.9
 591  440.2  454.0   78.8   67.9
 592  440.2  454.3   78.5   67.9
 593  440.1  454.3   79.3   67.9
 594  440.3  454.5   79.5   67.9
 595  440.6  454.0   80.1   67.9
 596  440.6  454.9   79.2   67.9
 597  440.3  454.7   79.6   67.9
 598  440.7  454.3   80.5   67.9
 599  440.6  453.8   79.5   67.9
 600  440.2  454.5   79.4   67.9
 601  439.8  455.0   80.0   67.9
 602  440.2  454.7   80.7   67.9
 603  439.8  454.0   79.7   67.9
 604  440.3  454.4   79.8   67.9
 605  440.2  454.3   79.8   67.9
 606  439.9  454.9   79.3   67.9
 607  440.4  454.8   79.3   67.9
 608  440.2  455.2   79.4   67.9
 609  440.4  455.3   79.3   67.9
 610  439.9  454.2   78.8   67.9
 611  440.3  454.6   78.9   67.9
 612  440.2  454.2   79.4   67.9
 613  440.1  453.9   79.8   67.9
 614  440.3  454.5   79.7   67.9
 615  440.1  455.3   79.7   67.9
 616  439.7  454.7   79.2   67.9
 617  439.9  454.0   79.8   67.9
 618  439.8  453.8   80.3   67.9
 619  439.4  454.9   80.4   67.9
 620  440.1  455.2   80.8   67.9
 621  440.3  454.6   80.0   67.9
 622  439.8  454.2   80.3   67.9
 623  440.3  454.8   80.2   67.9
 624  440.3  454.4   80.8   67.9
 625  440.2  455.4   80.1   67.9
 626  440.5  455.5   79.7   67.9
 627  439.9  454.7   79.4   67.9
 628  440.2  454.1   80.2   67.9
 629  440.0  455.0   80.3   67.9
 630  440.3  454.9   79.9   67.9
 631  440.3  454.4   79.4   67.9
 632  439.8  455.0   79.9   67.9
 633  440.5  455.4   80.0   67.9
 634  440.7  455.0   79.8   67.9
 635  440.1  455.4   79.4   67.9
 636  440.1  455.0   79.5   67.9
 637  439.8  454.2   80.0   67.9
 638  440.1  454.9   79.4   67.9
 639  440.5  455.4   79.5   67.9
 640  440.8  454.9   79.7   67.9
 641  440.4  454.8   79.7   67.9
 642  440.3  454.0   79.7   67.9
 643  440.1  454.0   79.0   67.9
 644  440.2  454.6   78.3   67.9
 645  440.8  454.9   78.1   67.9
 646  440.1  455.0   79.0   67.9
 647  440.3  454.6   79.6   67.9
 648  440.9  455.5   80.1   67.9
 649  440.3  455.3   79.3   67.9
 650  439.9  455.3   79.0   67.9
 651  439.7  454.9   78.9   67.9
 652  439.6  455.3   79.4   67.9
 653  440.1  455.9   79.5   67.9
 654  440.0  455.3   79.7   67.9
 655  440.5  454.8   78.6   67.9
 656  440.4  454.2   79.1   67.9
 657  440.6  454.5   80.2   67.9
 658  440.5  455.2   79.8   67.9
 659  440.3  454.7   80.1   67.9
 660  440.1  454.2   79.9   67.9
 661  440.5  455.4   80.1   67.9
 662  439.9  455.3   80.3   67.9
 663  440.0  455.9   80.7   67.9
 664  440.4  455.3   79.6   67.9
 665  440.5  455.4   80.1   67.9
 666  440.1  455.1   80.3   67.9
 667  440.1  455.3   79.8   67.9
 668  439.8  455.1   79.9   67.9
 669  440.3  454.9   79.3   67.9
 670  440.1  455.2   80.1   67.9
 671  440.2  455.1   79.9   67.9
 672  440.4  454.6   79.6   67.9
 673  440.2  454.6   79.9   67.9
 674  440.1  454.5   79.9   67.9
 675  440.1  455.6   80.8   67.9
 676  440.7  455.4   79.7   67.9
 677  440.9  455.4   79.2   67.9
 678  440.6  454.8   79.4   67.9
 679  440.6  454.8   80.1   67.9
 680  440.1  455.5   80.2   67.9
 681  440.5  455.6   80.0   67.9
 682  440.0  455.0   80.1   67.9
 683  440.5  455.4   79.6   67.9
 684  440.2  455.1   79.6   67.9
 685  440.3  455.1   80.1   67.9
 686  440.1  454.5   80.1   67.9
 687  440.3  454.7   79.5   67.9
 688  439.8  455.7   79.1   67.9
 689  440.3  456.0   80.2   67.9
 690  440.0  455.8   80.4   67.9
 691  439.8  454.8   80.3   67.9
 692  439.9  455.2   80.3   67.9
 693  440.2  455.4   79.6   67.9
 694  440.0  455.6   79.6   67.9
 695  440.5  455.7   79.8   67.9
 696  440.1  455.5   80.2   67.9
 697  439.8  455.8   78.9   67.9
 698  440.6  455.1   79.7   67.9
 699  440.7  455.3   80.7   67.9
 700  440.3  455.0   80.8   67.9
 701  440.5  455.0   80.7   67.9
 702  439.9  454.8   80.4   67.9
 703  440.6  455.1   79.3   67.9
 704  440.5  455.4   80.3   67.9
 705  439.8  455.2   79.3   67.9
 706  440.5  456.3   78.9   67.9
 707  440.4  455.9   78.9   67.9
 708  440.5  456.1   79.0   67.9
 709  440.3  455.3   80.0   67.9
 710  440.4  455.2   79.8   67.9
 711  439.9  455.1   80.0   67.9
 712  440.2  455.6   79.7   67.9
 713  440.1  455.0   80.4   67.9
 714  440.1  455.2   79.9   67.9
 715  439.9  455.5   79.4   67.9
 716  440.4  455.2   79.1   67.9
 717  440.3  456.0   79.2   67.9
 718  440.6  456.2   79.6   67.9
 719  440.6  456.4   80.3   67.9
 720  440.2  455.6   79.5   67.9
 721  440.3  455.6   79.8   67.9
 722  440.3  455.2   80.2   67.9
 723  439.9  454.9   79.3   67.9
 724  440.0  454.4   79.7   67.9
 725  440.4  454.6   79.5   67.9
 726  439.5  454.7   80.7   67.9
 727  440.7  454.7   81.3   67.9
 728  440.4  456.1   81.1   67.9
 729  440.4  455.7   79.4   67.9
 730  440.2  456.3   80.2   67.9
 731  440.4  455.5   80.6   67.9
 732  440.3  455.9   80.7   67.9
 733  440.7  455.9   80.4   67.9
 734  440.0  456.5   80.6   67.9
 735  440.2  455.8   80.6   67.9
 736  439.9  455.9   79.9   67.9
 737  440.3  455.6   79.0   67.9
 738  440.7  456.6   79.8   67.9
 739  440.4  456.3   79.1   67.9
 740  440.5  456.7   80.3   67.9
 741  439.9  455.7   79.4   67.9
 742  440.6  456.0   79.8   67.9
 743  440.1  455.4   79.6   67.9
 744  440.1  455.9   80.2   67.9
 745  440.1  455.4   80.2   67.9
 746  439.9  455.0   80.7   67.9
 747  439.7  455.3   80.2   67.9
 748  439.6  455.8   79.8   67.9
 749  440.1  455.8   79.1   67.9
 750  440.5  455.3   78.7   67.9
 751  440.5  455.5   79.5   67.9
 752  440.3  456.3   79.5   67.9
 753  440.3  456.1   79.5   67.9
 754  440.0  456.2   79.7   67.9
 755  440.4  456.5   79.3   67.9
 756  439.7  456.7   79.4   67.9
 757  440.2  455.8   78.8   67.9
 758  440.0  456.0   79.4   67.9
 759  439.9  456.1   79.8   67.9
 760  440.6  456.7   79.3   67.9
 761  440.0  456.6   80.3   67.9
 762  439.8  456.2   80.0   67.9
 763  439.4  455.4   79.4   67.9
 764  440.3  455.8   80.7   67.9
 765  439.7  455.9   80.6   67.9
 766  440.0  456.0   80.5   67.9
 767  440.1  455.5   80.7   67.9
 768  439.8  455.6   80.2   67.9
 769  440.3  455.4   79.4   67.9
 770  440.0  455.4   79.4   67.9
 771  440.1  455.0   80.4   67.9
 772  440.0  454.7   79.0   67.9
 773  440.4  455.6   79.7   67.9
 774  440.4  455.5   79.8   67.9
 775  440.2  455.5   80.6   67.9
 776  440.3  454.8   80.1   67.9
 777  440.3  455.6   79.9   67.9
 778  440.2  456.1   80.1   67.9
 779  440.5  456.3   80.7   67.9
 780  440.3  456.4   80.0   67.9
 781  440.2  455.3   81.2   67.9
 782  440.2  456.0   81.1   67.9
 783  440.0  456.2   81.1   67.9
 784  439.8  455.6   81.0   67.9
 785  439.9  456.2   80.2   67.9
 786  439.8  456.1   80.1   67.9
 787  440.0  456.2   79.8   67.9
 788  440.1  455.6   80.1   67.9
 789  440.0  456.3   79.6   67.9
 790  439.9  456.0   79.7   67.9
 791  440.2  455.7   79.9   67.9
 792  440.0  456.5   79.2   67.9
 793  440.3  456.3   79.0   67.9
 794  439.9  456.6   79.9   67.9
 795  440.1  456.8   80.1   67.9
 796  440.4  455.9   79.2   67.9
 797  440.3  455.7   80.4   67.9
 798  440.5  456.3   79.1   67.9
 799  440.1  456.8   80.1   67.9
 800  440.2  456.6   79.5   67.9
 801  440.3  457.0   79.3   67.9
 802  440.3  456.7   80.3   67.9
 803  440.4  457.2   79.8   67.9
 804  440.5  456.7   80.8   67.9
 805  439.9  456.3   81.0   67.9
 806  440.0  456.5   80.1   67.9
 807  440.3  456.7   80.0   67.9
 808  440.2  455.9   79.8   67.9
 809  440.4  456.1   80.0   67.9
 810  440.6  456.2   79.3   67.9
 811  440.7  456.4   78.7   67.9
 812  440.1  456.2   79.6   67.9
 813  440.0  455.5   80.5   67.9
 814  439.9  456.5   80.0   67.9
 815  440.4  456.6   80.1   67.9
 816  440.4  456.8   79.8   67.9
 817  440.2  457.3   79.4   67.9
 818  439.9  457.1   79.6   67.9
 819  440.0  456.4   79.1   67.9
 820  439.8  456.9   78.9   67.9
 821  440.3  456.5   79.2   67.9
 822  439.8  456.2   79.6   67.9
 823  440.5  456.7   79.8   67.9
 824  440.3  456.1   79.9   67.9
 825  440.4  455.6   80.4   67.9
 826  440.7  456.3   80.6   67.9
 827  439.9  456.3   79.8   67.9
 828  440.1  456.0   80.2   67.9
 829  440.3  456.0   80.8   67.9
 830  440.4  456.4   80.1   67.9
 831  440.3  456.6   79.1   67.9
 832  440.3  457.0   79.3   67.9
 833  440.5  456.6   80.1   67.9
 834  440.2  456.7   80.3   67.9
 835  440.1  457.2   80.1   67.9
 836  440.5  456.8   80.6   67.9
 837  440.8  456.8   80.4   67.9
 838  440.9  456.9   80.1   67.9
 839  440.1  456.2   80.3   67.9
 840  440.4  456.7   79.9   67.9
 841  440.6  456.1   80.1   67.9
 842  440.3  455.6   80.6   67.9
 843  440.3  456.8   79.5   67.9
 844  440.6  456.7   79.5   67.9
 845  440.4  456.5   79.2   67.9
 846  440.3  456.0   80.2   67.9
 847  440.3  456.7   80.5   67.9
 848  440.2  456.4   80.3   67.9
 849  440.1  456.3   80.1   67.9
 850  440.2  456.0   79.7   67.9
 851  440.3  455.8   80.2   67.9
 852  440.1  456.3   80.2   67.9
 853  440.4  455.8   81.0   67.9
 854  440.6  456.0   81.0   67.8
 855  440.0  455.7   79.9   67.8
 856  440.7  456.3   81.0   67.8
 857  439.9  456.7   80.2   67.9
 858  440.5  457.1   80.5   67.9
 859  440.1  456.9   80.4   67.9
 860  440.2  456.3   79.0   67.9
 861  440.4  456.9   80.5   67.9
 862  440.8  456.9   80.1   67.8
 863  440.7  455.6   80.5   67.8
 864  440.5  456.4   79.1   67.8
 865  440.1  456.7   78.8   67.8
 866  440.4  457.1   79.2   67.8
 867  440.5  456.6   80.0   67.8
 868  440.5  456.1   80.3   67.8
 869  439.9  456.5   80.9   67.8
 870  440.3  456.5   80.6   67.8
 871  440.7  455.7   80.4   67.8
 872  440.5  455.7   80.5   67.8
 873  440.7  456.5   80.0   67.8
 874  440.6  456.0   79.9   67.8
 875  440.3  456.3   80.7   67.8
 876  440.2  456.5   80.4   67.8
 877  440.3  456.6   80.8   67.8
 878  440.3  455.8   80.6   67.8
 879  439.9  456.1   81.2   67.8
 880  440.5  455.9   80.4   67.8
 881  440.3  455.7   80.5   67.9
 882  440.3  455.9   81.2   67.9
 883  440.2  456.7   81.0   67.9
 884  440.2  457.0   80.7   67.9
 885  440.0  456.5   80.3   67.9
 886  440.8  456.6   80.1   67.9
 887  440.5  456.3   79.7   67.9
 888  439.9  456.6   80.0   67.9
 889  440.4  456.7   80.0   67.9
 890  440.5  456.6   80.8   67.9
 891  440.5  457.1   81.4   67.9
 892  440.1  457.3   80.9   67.9
 893  440.0  457.2   80.7   67.9
 894  440.4  456.8   80.1   67.9
 895  440.4  457.0   80.4   67.9
 896  440.5  456.6   80.2   67.9
 897  440.5  456.2   81.4   67.9
 898  439.9  455.6   81.6   67.9
 899  440.0  455.1   80.6   67.9
 900  440.3  455.7   80.5   67.9
 901  440.2  456.4   80.6   67.9
 902  440.6  456.2   80.8   67.9
 903  440.7  456.7   80.6   67.9
 904  440.2  456.8   80.0   67.9
 905  439.7  456.9   80.2   67.9
 906  440.5  457.1   80.5   67.9
 907  440.3  457.2   79.9   67.9
 908  440.1  457.1   79.5   67.9
 909  440.5  456.9   80.2   67.9
 910  440.8  456.7   80.1   67.9
 911  440.3  456.5   80.6   67.9
 912  440.9  457.2   80.2   67.9
 913  440.2  456.7   80.8   67.9
 914  440.5  457.2   80.4   67.9
 915  440.1  457.2   79.8   67.9
 916  440.8  457.1   80.0   67.9
 917  440.3  456.8   79.2   67.9
 918  439.9  456.4   80.1   67.9
 919  440.2  456.0   79.7   67.9
 920  440.7  456.5   79.7   67.9
 921  440.2  456.2   79.8   67.9
 922  440.1  456.4   80.1   67.9
 923  440.5  456.9   81.2   67.9
 924  440.7  456.8   79.9   67.9
 925  440.7  456.9   79.9   67.9
 926  440.4  457.2   80.2   67.9
 927  440.4  457.1   80.3   67.9
 928  440.1  457.2   80.7   67.9
 929  440.5  456.7   81.3   67.9
 930  440.0  456.6   81.5   67.9
 931  439.8  456.5   81.5   67.9
 932  440.3  457.2   80.7   67.9
 933  439.8  457.4   80.0   67.9
 934  440.2  457.1   79.9   67.9
 935  440.1  456.1   80.5   67.9
 936  440.0  456.6   79.8   67.9
 937  440.2  456.5   79.6   67.9
 938  440.2  456.4   79.7   67.9
 939  440.2  456.2   79.2   67.9
 940  440.3  456.1   80.8   67.9
 941  440.2  456.9   80.9   67.9
 942  440.4  456.4   79.6   67.9
 943  440.3  456.9   80.2   67.9
 944  440.1  456.6   80.5   67.9
 945  440.4  457.3   80.5   67.9
 946  440.7  457.3   80.3   67.8
 947  440.6  457.0   80.2   67.8
 948  440.2  456.9   80.3   67.8
 949  440.1  456.7   80.5   67.8
 950  440.3  456.8   79.6   67.8
 951  440.2  456.3   79.5   67.9
 952  440.0  456.2   79.2   67.8
 953  440.2  457.0   80.3   67.8
 954  439.9  456.7   79.8   67.8
 955  440.2  457.0   79.8   67.8
 956  440.0  456.5   80.2   67.8
 957  440.2  456.6   79.3   67.8
 958  440.1  457.0   79.4   67.8
 959  440.1  456.5   79.6   67.8
 960  440.4  457.2   79.4   67.8
 961  440.1  456.8   80.0   67.8
 962  440.2  456.9   79.7   67.8
 963  440.1  457.0   80.5   67.8
 964  439.9  456.5   80.6   67.8
 965  440.2  456.4   80.6   67.8
 966  439.9  456.9   81.1   67.8
 967  440.5  457.0   80.3   67.8
 968  440.4  456.8   79.8   67.8
 969  440.6  457.3   80.0   67.8
 970  440.4  457.4   80.6   67.8
 971  440.0  456.7   81.1   67.8
 972  440.1  456.9   80.1   67.8
 973  440.6  456.7   79.6   67.8
 974  439.8  457.0   80.3   67.8
 975  440.6  456.5   80.2   67.8
 976  440.2  456.7   81.2   67.8
 977  439.9  456.6   80.0   67.8
 978  440.5  457.1   80.2   67.8
 979  440.3  456.7   80.6   67.8
 980  440.0  456.6   80.9   67.8
 981  440.2  456.4   80.6   67.8
 982  440.0  457.3   80.0   67.8
 983  440.1  456.9   79.5   67.8
 984  440.0  456.9   78.9   67.8
 985  440.3  457.3   80.2   67.8
 986  440.6  457.3   80.5   67.8
 987  440.2  456.8   80.4   67.8
 988  440.5  457.1   80.6   67.8
 989  440.2  456.4   80.4   67.8
 990  440.3  456.9   81.0   67.8
 991  440.6  457.0   81.2   67.8
 992  440.6  456.3   80.4   67.8
 993  439.6  456.5   80.0   67.8
 994  440.4  456.8   80.9   67.8
 995  440.0  456.7   80.6   67.8
 996  439.9  456.9   80.7   67.8
 997  440.1  456.8   80.7   67.8
 998  440.3  457.1   80.7   67.8
 999  440.0  456.7   80.1   67.8
1000  440.7  456.5   80.5   67.8
1001  440.3  456.4   80.7   67.8
1002  440.3  457.4   80.5   67.8
1003  440.4  456.8   80.3   67.8
1004  440.2  456.6   80.5   67.8
1005  440.3  457.0   80.4   67.8
1006  440.5  457.1   80.9   67.8
1007  440.1  457.2   81.3   67.8
1008  440.1  457.6   80.6   67.8
1009  439.8  456.9   81.1   67.8
1010  440.5  456.8   80.1   67.8
1011  440.5  457.5   80.6   67.8
1012  440.6  457.7   80.2   67.8
1013  440.2  457.1   80.0   67.8
1014  440.5  456.6   80.5   67.8
1015  440.0  456.6   80.5   67.8
1016  440.2  457.2   80.3   67.8
1017  439.9  457.1   80.2   67.8
1018  440.4  457.3   81.1   67.8
1019  439.9  456.8   80.4   67.8
1020  440.4  456.8   80.2   67.8
1021  440.6  456.7   79.3   67.8
1022  440.5  457.2   79.9   67.8
1023  440.6  456.9   80.9   67.8
1024  440.4  456.5   80.4   67.8
1025  440.5  456.6   81.3   67.8
1026  440.5  456.6   81.6   67.8
1027  440.0  456.5   80.8   67.8
1028  440.1  455.9   80.2   67.8
1029  440.1  456.4   80.4   67.8
1030  440.0  456.6   80.8   67.8
1031  440.1  456.9   80.0   67.8
1032  440.5  456.9   80.8   67.8
1033  440.0  457.3   81.6   67.8
1034  440.3  456.7   81.6   67.9
1035  440.6  457.1   80.2   67.9
1036  440.1  456.8   80.8   67.9
1037  440.5  456.8   79.7   67.9
1038  440.3  457.3   79.5   67.9
1039  440.5  456.9   79.3   67.9
1040  440.2  457.5   80.0   67.9
1041  440.3  457.2   80.2   67.9
1042  439.8  457.1   80.2   67.9
1043  440.3  456.7   81.2   67.9
1044  440.1  456.5   80.7   67.9
1045  439.6  456.7   80.8   67.9
1046  440.3  457.3   80.9   67.9
1047  440.1  457.1   79.9   67.9
1048  440.0  457.1   79.8   67.9
1049  440.2  456.8   80.0   67.9
1050  440.6  457.2   80.7   67.9
1051  439.7  456.9   81.0   67.8
1052  440.2  457.1   81.1   67.8
1053  439.9  456.6   80.7   67.8
1054  439.8  456.3   81.4   67.8
1055  440.3  456.6   80.4   67.8
1056  440.6  456.6   80.6   67.8
1057  439.9  456.4   80.8   67.8
1058  439.7  457.1   81.1   67.8
1059  440.2  456.9   80.8   67.8
1060  440.3  456.8   80.9   67.9
1061  440.1  457.3   80.2   67.9
1062  440.2  457.1   80.3   67.9
1063  440.1  457.7   81.3   67.9
1064  440.0  457.2   82.0   67.9
1065  440.0  457.2   80.4   67.9
1066  440.6  457.4   80.1   67.9
1067  439.7  457.2   80.7   67.9
1068  440.5  456.9   80.4   67.9
1069  439.9  456.8   79.7   67.9
1070  440.7  457.4   79.0   67.9
1071  440.5  457.0   80.2   67.9
1072  440.1  456.6   80.2   67.9
1073  440.2  457.0   80.2   67.9
1074  440.1  457.2   79.9   67.9
1075  440.2  457.0   80.2   67.9
1076  440.0  457.2   80.4   67.9
1077  439.8  457.3   80.7   67.9
1078  440.4  457.5   80.5   67.9
1079  440.6  457.0   80.6   67.9
1080  440.3  457.0   80.0   67.9
1081  440.3  456.5   79.8   67.9
1082  439.6  457.2   80.0   67.9
1083  439.9  457.3   79.8   67.9
1084  440.4  457.0   79.9   67.9
1085  439.9  457.0   80.5   67.8
1086  440.4  457.1   80.2   67.8
1087  440.3  457.1   81.1   67.8
1088  439.8  457.2   80.7   67.8
1089  440.3  456.8   80.9   67.8
1090  440.3  457.3   80.9   67.8
1091  439.8  457.0   81.5   67.8
1092  440.7  457.0   81.3   67.8
1093  440.4  457.6   81.9   67.8
1094  440.6  457.1   81.6   67.8
1095  440.1  457.0   82.2   67.8
1096  440.6  456.6   82.1   67.9
1097  439.9  457.2   80.9   67.9
1098  439.9  456.8   80.7   67.9
1099  440.2  457.0   80.0   67.9
1100  440.1  457.5   79.8   67.9
1101  439.9  457.3   79.9   67.9
1102  440.3  457.0   79.8   67.9
1103  440.4  457.0   80.6   67.9
1104  440.0  457.1   79.6   67.9
1105  440.4  457.5   79.8   67.9
1106  440.6  457.7   79.3   67.9
1107  440.0  457.2   80.7   67.9
1108  440.0  457.3   80.9   67.9
1109  440.5  457.2   81.2   67.9
1110  439.9  457.3   80.6   67.9
1111  440.3  457.2   80.8   67.9
1112  440.3  457.2   80.8   67.9
1113  440.3  457.3   81.0   67.9
1114  440.0  457.2   81.6   67.9
1115  439.7  457.2   81.1   67.9
1116  440.3  457.1   80.0   67.9
1117  440.1  457.1   80.9   67.9
1118  440.1  457.2   80.9   67.9
1119  440.0  456.8   81.1   67.9
1120  439.9  456.8   80.3   67.9
1121  440.2  456.4   80.3   67.9
1122  440.3  456.7   81.1   67.9
1123  440.5  456.8   81.7   67.9
1124  440.0  456.9   80.8   67.9
1125  440.3  457.3   81.0   67.9
1126  440.4  457.0   79.9   67.9
1127  440.5  456.6   79.9   67.9
1128  439.9  456.9   80.6   67.9
1129  439.9  457.3   79.9   67.9
1130  439.4  456.9   80.1   67.9
1131  439.9  457.1   79.6   67.9
1132  439.8  456.8   79.7   67.9
1133  440.3  457.5   80.0   67.9
1134  439.9  457.2   80.7   67.9
1135  439.9  457.0   80.3   67.9
1136  440.1  457.5   80.8   67.8
1137  439.7  456.9   79.8   67.8
1138  440.6  457.6   79.9   67.8
1139  440.1  456.9   81.0   67.8
1140  439.9  456.8   80.8   67.8
1141  440.2  456.7   80.8   67.8
1142  440.6  456.9   79.9   67.8
1143  440.5  456.9   80.6   67.8
1144  440.3  457.5   79.9   67.9
1145  439.5  457.7   79.7   67.8
1146  440.0  457.7   80.7   67.8
1147  439.9  458.1   80.2   67.8
1148  439.8  457.3   81.2   67.8
1149  440.3  457.0   81.4   67.8
1150  440.2  457.1   80.5   67.8
1151  440.3  457.3   81.0   67.8
1152  440.4  457.5   81.4   67.8
1153  440.1  457.3   80.9   67.9
1154  440.4  457.6   80.8   67.9
1155  440.3  457.4   81.0   67.8
1156  440.3  457.8   81.1   67.8
1157  440.2  457.5   81.3   67.8
1158  440.2  457.2   81.2   67.8
1159  439.9  457.6   80.5   67.8
1160  440.1  458.0   80.7   67.8
1161  440.5  457.6   80.3   67.8
1162  440.0  458.2   80.7   67.8
1163  440.2  457.4   80.4   67.9
1164  440.4  457.2   81.1   67.8
1165  440.3  457.4   80.4   67.8
1166  439.9  457.9   80.6   67.9
1167  440.0  457.2   80.8   67.8
1168  440.2  457.0   80.6   67.8
1169  440.1  457.2   81.1   67.8
1170  440.1  456.8   80.7   67.9
1171  440.1  457.2   80.6   67.9
1172  439.9  457.3   80.0   67.9
1173  439.9  457.3   79.9   67.9
1174  440.2  456.8   80.0   67.8
1175  440.2  456.8   80.8   67.8
1176  439.6  457.1   80.0   67.9
1177  440.2  457.6   80.4   67.8
1178  439.8  457.6   80.7   67.8
1179  440.4  456.8   81.2   67.8
1180  440.1  457.0   81.4   67.8
1181  440.1  457.1   81.3   67.8
1182  440.3  457.4   80.8   67.8
1183  439.7  457.1   81.5   67.9
1184  440.3  457.2   81.9   67.8
1185  439.8  457.0   81.0   67.8
1186  440.3  457.2   81.8   67.8
1187  440.4  457.5   82.0   67.8
1188  440.4  457.0   81.4   67.9
1189  440.5  457.5   81.1   67.9
1190  439.7  457.9   80.1   67.9
1191  439.9  457.3   79.7   67.9
1192  440.5  457.6   80.0   67.9
1193  440.1  457.2   79.9   67.9
1194  440.3  457.5   79.2   67.9
1195  440.4  457.2   79.7   67.9
1196  440.2  457.3   80.0   67.9
1197  440.2  457.5   79.7   67.9
1198  439.6  457.6   80.5   67.9
1199  440.4  457.1   80.4   67.9
1200  440.1  457.9   81.3   67.9
1201  439.7  457.2   81.3   67.9
1202  439.9  457.5   81.2   67.9
1203  440.1  457.2   80.4   67.8
1204  440.3  457.3   80.8   67.8
1205  439.8  457.2   81.1   67.8
1206  440.4  457.1   80.4   67.8
1207  440.3  457.3   80.4   67.8
1208  440.3  457.4   79.9   67.8
1209  440.4  457.5   80.5   67.9
1210  440.4  457.1   80.8   67.9
1211  440.5  456.8   80.0   67.9
1212  440.3  457.4   80.8   67.9
1213  439.6  457.5   79.6   67.9
1214  440.5  457.5   81.0   67.9
1215  440.1  457.6   80.5   67.9
1216  439.9  457.8   81.5   67.9
1217  440.2  457.5   81.3   67.9
1218  440.6  457.3   81.4   67.9
1219  440.0  457.4   80.6   67.9
1220  439.9  457.0   81.4   67.9
1221  440.1  457.1   80.7   67.9
1222  440.0  456.9   80.2   67.9
1223  440.0  457.0   80.3   67.9
1224  440.1  456.7   80.9   67.9
1225  440.2  457.5   81.1   67.9
1226  440.3  457.1   80.8   67.9
1227  440.2  457.2   80.5   67.9
1228  440.4  457.5   79.9   67.9
1229  440.3  457.6   80.5   67.9
1230  440.6  457.6   80.6   67.9
1231  440.1  457.2   81.4   67.9
1232  440.0  456.9   81.1   67.9
1233  440.2  457.2   80.5   67.9
1234  439.9  457.2   79.6   67.9
1235  440.3  457.5   80.8   67.9
1236  440.6  457.3   80.5   67.8
1237  440.3  456.8   79.7   67.8
1238  440.3  456.9   79.6   67.8
1239  439.7  457.3   79.2   67.8
1240  440.6  456.7   79.3   67.8
1241  440.1  457.2   80.7   67.8
1242  440.3  457.2   80.2   67.8
1243  440.3  457.1   81.2   67.8
1244  440.2  456.6   81.1   67.8
1245  440.7  456.7   81.0   67.8
1246  440.6  456.9   80.2   67.8
1247  440.0  457.0   80.9   67.8
1248  440.3  456.7   80.6   67.8
1249  440.4  456.9   80.6   67.8
1250  440.2  457.4   81.3   67.8
1251  439.7  457.8   80.5   67.8
1252  440.6  457.5   80.0   67.8
1253  440.2  457.7   81.2   67.8
1254  440.1  457.3   80.7   67.8
1255  440.2  457.3   80.2   67.8
1256  440.2  457.3   81.3   67.8
1257  440.3  456.8   81.7   67.8
1258  440.4  457.3   80.8   67.8
1259  440.5  457.0   80.3   67.8
1260  440.1  457.1   79.7   67.8
1261  440.4  456.7   79.7   67.8
1262  440.2  456.6   79.9   67.8
1263  439.7  456.7   80.2   67.8
1264  440.1  456.9   79.9   67.8
1265  440.0  457.2   79.9   67.8
1266  439.9  456.9   80.2   67.8
1267  440.0  457.1   80.1   67.8
1268  440.1  457.1   80.4   67.8
1269  439.8  457.6   80.4   67.8
1270  439.7  457.3   79.8   67.8
1271  440.4  457.4   81.3   67.8
1272  440.7  457.6   81.4   67.8
1273  440.3  457.5   81.0   67.8
1274  440.4  457.2   81.8   67.8
1275  440.3  456.8   80.8   67.8
1276  440.5  456.7   81.6   67.8
1277  440.4  457.2   82.2   67.8
1278  439.9  457.4   81.9   67.8
1279  439.9  457.1   81.9   67.9
1280  440.2  456.7   82.1   67.9
1281  440.6  457.1   81.1   67.9
1282  439.9  456.8   80.6   67.9
1283  440.1  457.7   80.6   67.9
1284  440.2  457.6   80.3   67.9
1285  440.4  457.2   81.3   67.9
1286  440.1  457.8   80.7   67.9
1287  440.3  457.6   79.9   67.9
1288  440.3  456.9   79.8   67.9
1289  440.3  456.7   80.1   67.9
1290  439.8  456.6   81.1   67.9
1291  440.1  456.9   80.1   67.9
1292  440.5  457.4   80.3   67.9
1293  439.9  457.3   79.5   67.9
1294  440.2  457.0   79.9   67.9
1295  440.2  457.2   81.3   67.9
1296  440.2  457.7   80.6   67.9
1297  440.0  457.7   81.1   67.9
1298  440.2  457.8   81.4   67.9
1299  440.3  457.3   81.9   67.9
1300  440.7  457.9   82.0   67.9
1301  440.5  457.4   80.9   67.9
1302  439.9  457.0   80.1   67.9
1303  440.4  457.1   79.8   67.9
1304  440.1  457.8   81.1   67.9
1305  440.4  457.0   81.3   67.9
1306  440.0  457.2   81.2   67.9
1307  440.2  457.3   81.2   67.9
1308  440.4  457.8   81.5   67.9
1309  440.1  457.3   81.2   67.9
1310  440.1  457.0   81.4   67.9
1311  440.5  456.7   81.6   67.9
1312  440.3  456.7   81.1   67.9
1313  440.5  456.8   80.8   67.9
1314  440.1  457.2   80.9   67.9
1315  440.2  457.5   80.5   67.9
1316  440.5  457.4   80.8   67.9
1317  440.5  457.1   80.6   67.9
1318  440.3  456.9   81.0   67.9
1319  440.8  457.4   80.7   67.9
1320  440.4  457.5   80.0   67.9
1321  440.4  457.4   80.3   67.9
1322  440.5  457.3   80.9   67.9
1323  439.8  457.4   80.7   67.9
1324  440.2  457.1   80.6   67.9
1325  440.2  457.7   80.7   67.9
1326  440.3  457.5   80.2   67.9
1327  440.6  457.4   80.7   67.9
1328  440.6  457.8   80.2   67.9
1329  440.0  457.1   80.3   67.9
1330  440.5  456.8   80.6   67.9
1331  440.7  457.0   80.0   67.9
1332  440.2  457.5   80.4   67.9
1333  440.3  457.7   81.5   67.9
1334  440.6  457.3   80.4   67.9
1335  440.2  457.5   79.9   67.9
1336  439.9  457.8   80.0   67.9
1337  439.7  457.9   81.4   67.9
1338  440.4  457.7   81.0   67.9
1339  440.2  457.7   80.5   67.9
1340  440.6  457.6   81.1   67.9
1341  440.2  457.1   80.7   67.9
1342  440.0  457.5   80.1   67.9
1343  440.2  457.5   79.6   67.9
1344  440.5  457.1   79.9   67.9
1345  440.2  456.9   80.7   67.9
1346  440.2  457.2   81.6   67.9
1347  440.4  457.3   81.3   67.9
1348  440.5  457.6   81.7   67.9
1349  440.0  457.2   81.4   67.9
1350  440.5  457.8   80.1   67.9
1351  440.5  457.4   80.2   67.9
1352  440.5  457.2   80.4   67.9
1353  440.0  456.9   80.9   67.9
1354  440.8  456.8   81.5   67.9
1355  440.4  457.0   81.0   67.9
1356  440.0  457.5   80.4   67.9
1357  440.3  456.7   79.7   67.9
1358  440.4  457.4   79.9   67.9
1359  440.1  457.7   80.5   67.8
1360  440.1  457.0   80.2   67.8
1361  440.3  456.8   80.3   67.8
1362  440.2  457.5   80.6   67.8
1363  439.9  457.3   80.9   67.8
1364  440.3  456.9   80.6   67.8
1365  440.3  457.5   80.2   67.8
1366  439.8  457.6   79.6   67.9
1367  440.4  457.6   80.1   67.8
1368  439.9  457.5   81.5   67.8
1369  440.3  457.2   81.1   67.8
1370  439.9  456.8   81.0   67.8
1371  440.4  457.0   79.9   67.8
1372  440.1  457.4   81.1   67.8
1373  439.8  457.5   81.6   67.8
1374  440.3  457.7   81.3   67.8
1375  439.9  457.3   80.9   67.8
1376  439.9  457.7   81.3   67.8
1377  439.8  457.2   80.3   67.8
1378  439.8  457.5   79.9   67.8
1379  439.9  457.7   79.9   67.9
1380  440.1  457.1   81.2   67.8
1381  440.7  457.5   81.3   67.8
1382  440.4  457.7   80.7   67.8
1383  440.4  457.7   80.3   67.8
1384  440.5  457.2   80.8   67.8
1385  440.9  456.8   81.3   67.8
1386  440.4  457.4   81.3   67.8
1387  440.6  457.0   80.8   67.8
1388  440.7  456.9   80.5   67.9
1389  440.4  457.1   81.4   67.9
1390  440.1  457.8   81.0   67.9
1391  440.6  457.6   81.1   67.9
1392  440.5  456.9   80.7   67.9
1393  440.3  456.8   79.9   67.9
1394  440.3  457.4   81.0   67.9
1395  440.2  456.7   80.5   67.9
1396  440.5  456.9   80.2   67.9
1397  440.7  457.1   80.7   67.9
1398  440.0  457.6   79.9   67.9
1399  440.1  457.3   80.8   67.9
1400  440.3  456.9   80.8   67.9
1401  440.6  456.9   80.9   67.9
1402  440.4  457.7   80.7   67.9
1403  440.1  457.2   80.0   67.9
1404  440.5  457.0   81.2   67.9
1405  440.5  457.6   80.6   67.9
1406  440.5  456.9   80.3   67.9
1407  440.6  456.6   80.4   67.9
1408  440.6  457.1   79.4   67.9
1409  440.5  457.0   79.9   67.9
1410  440.7  457.2   80.9   67.9
1411  440.6  456.8   80.5   67.9
1412  440.6  456.8   80.3   67.9
1413  440.2  457.6   81.0   67.8
1414  440.5  456.8   81.2   67.8
1415  440.2  457.4   81.9   67.8
1416  440.2  457.0   81.8   67.8
1417  440.8  457.3   80.9   67.9
1418  440.5  457.3   80.6   67.8
1419  440.0  457.4   80.3   67.9
1420  440.3  457.1   80.9   67.9
1421  440.6  456.6   80.9   67.9
1422  440.3  456.7   81.6   67.9
1423  440.0  457.0   81.8   67.9
1424  440.7  457.4   81.2   67.9
1425  440.0  457.5   80.8   67.9
1426  440.2  457.1   80.0   67.9
1427  440.9  457.0   80.2   67.9
1428  440.4  457.7   80.8   67.9
1429  440.2  457.4   81.1   67.9
1430  440.9  457.3   80.9   67.9
1431  440.5  457.1   80.4   67.9
1432  440.6  456.8   81.3   67.9
1433  440.6  456.8   80.5   67.9
1434  440.1  456.7   80.7   67.9
1435  440.9  456.8   80.8   67.9
1436  440.0  456.7   80.4   67.9
1437  440.5  457.6   79.9   67.9
1438  440.0  457.3   80.7   67.9
1439  440.3  456.9   80.3   67.9
1440  440.4  457.0   80.6   67.9
1441  440.0  457.4   81.2   67.9
1442  440.6  457.4   81.3   67.9
1443  440.0  457.4   80.8   67.9
1444  440.2  457.4   80.5   67.9
1445  439.9  457.4   80.5   67.9
1446  439.6  457.3   81.2   67.9
1447  439.3  457.3   80.7   67.9
1448  439.7  457.1   80.6   67.9
1449  440.1  457.7   80.1   67.9
1450  440.5  457.4   80.3   67.9
1451  440.6  457.1   80.6   67.9
1452  440.3  456.9   81.3   67.9
1453  440.4  457.5   81.1   67.9
1454  440.2  456.9   80.2   67.9
1455  440.1  456.8   81.2   67.9
1456  440.0  457.5   81.6   67.9
1457  440.1  456.9   81.4   67.9
1458  440.6  457.0   81.3   67.9
1459  440.8  457.4   80.8   67.9
1460  440.5  457.0   80.3   67.9
1461  440.5  457.1   81.3   67.9
1462  440.4  456.9   80.7   67.9
1463  440.1  457.4   81.7   67.9
1464  440.2  457.2   80.7   67.9
1465  440.4  457.4   81.2   67.9
1466  440.6  456.9   80.8   67.9
1467  440.6  456.7   80.1   67.9
1468  440.5  457.3   80.2   67.9
1469  440.7  457.7   80.3   67.9
1470  440.5  457.1   81.4   67.9
1471  440.8  457.4   80.4   67.9
1472  440.0  457.0   80.3   67.9
1473  440.6  457.4   81.3   67.9
1474  440.4  456.9   81.1   67.9
1475  440.2  457.2   81.4   67.9
1476  440.2  457.4   81.1   67.9
1477  440.1  457.6   81.3   67.9
1478  440.1  457.2   81.5   67.9
1479  440.4  457.6   81.7   67.9
1480  440.3  457.3   80.5   67.9
1481  440.0  457.8   81.2   67.9
1482  440.5  457.4   80.9   67.9
1483  440.1  457.6   80.8   67.9
1484  440.8  457.6   80.2   67.9
1485  440.2  457.1   79.6   67.9
1486  440.4  457.5   80.3   67.9
1487  440.6  457.3   80.0   67.9
1488  440.1  456.8   80.5   67.9
1489  440.0  456.7   80.5   67.9
1490  439.6  456.7   80.9   67.9
1491  440.1  457.5   80.5   67.9
1492  439.9  457.6   81.1   67.9
1493  440.5  457.7   80.5   67.9
1494  440.4  457.7   80.8   67.9
1495  440.5  457.8   80.6   67.9
1496  440.1  457.6   80.2   67.9
1497  440.5  456.8   80.4   67.9
1498  440.2  456.9   80.2   67.9
1499  440.3  456.9   80.6   67.9
1500  440.2  456.8   81.0   67.9
1501  440.1  456.9   80.6   67.9
1502  440.1  456.9   80.4   67.9
1503  440.4  456.8   80.3   67.9
1504  440.5  457.5   79.6   67.9
1505  440.1  456.8   79.9   67.9
1506  440.1  457.6   81.0   67.9
1507  440.4  457.1   80.0   67.9
1508  440.0  457.3   80.5   67.8
1509  440.5  457.5   80.2   67.9
1510  440.0  457.0   80.8   67.9
1511  440.4  457.3   81.1   67.8
1512  440.3  457.1   81.2   67.8
1513  440.4  457.5   80.4   67.8
1514  440.2  456.9   80.9   67.8
1515  440.0  457.6   81.3   67.8
1516  439.8  457.1   81.2   67.8
1517  440.1  457.1   81.1   67.8
1518  440.1  457.0   81.3   67.8
1519  439.7  457.7   81.0   67.8
1520  440.2  457.9   81.2   67.8
1521  440.5  457.5   81.6   67.8
1522  440.5  457.4   81.9   67.8
1523  440.1  457.5   81.3   67.8
1524  439.7  457.3   81.3   67.8
1525  440.2  457.3   81.6   67.8
1526  440.5  457.8   80.6   67.8
1527  440.2  457.4   80.8   67.9
1528  439.9  457.6   81.0   67.9
1529  440.5  457.2   80.8   67.9
1530  440.4  457.0   80.8   67.9
1531  440.2  456.7   80.7   67.9
1532  440.2  457.3   81.0   67.9
1533  440.3  457.7   81.0   67.9
1534  440.4  457.4   81.0   67.9
1535  440.3  456.9   81.5   67.9
1536  440.2  456.9   80.7   67.9
1537  439.9  457.0   81.1   67.9
1538  440.0  457.2   81.0   67.9
1539  440.1  457.1   80.6   67.9
1540  440.0  457.6   81.3   67.9
1541  439.9  457.8   81.0   67.9
1542  440.4  457.8   80.7   67.9
1543  440.1  457.6   81.1   67.9
1544  439.9  457.6   80.8   67.9
1545  440.3  457.9   81.1   67.9
1546  439.9  457.7   81.0   67.9
1547  440.1  457.5   81.3   67.9
1548  440.1  457.1   80.8   67.9
1549  439.7  456.7   80.9   67.9
1550  440.1  457.1   80.8   67.9
1551  439.7  456.7   80.1   67.9
1552  440.0  456.8   79.8   67.9
1553  440.2  457.6   80.1   67.9
1554  439.8  457.0   79.7   67.9
1555  440.5  457.1   80.6   67.9
1556  440.2  457.6   81.3   67.9
1557  440.2  457.0   81.3   67.9
1558  440.4  457.2   81.7   67.9
1559  439.8  457.2   81.3   67.9
1560  440.4  457.0   81.6   67.9
1561  440.8  457.7   81.6   67.9
1562  440.3  457.2   81.2   67.9
1563  439.8  457.6   81.5   67.9
1564  439.7  457.4   80.6   67.9
1565  440.5  457.8   80.6   67.9
1566  440.3  458.0   80.5   67.9
1567  440.5  458.0   80.2   67.9
1568  440.4  457.3   80.3   67.9
1569  440.2  457.1   80.7   67.9
1570  440.1  456.7   80.6   67.9
1571  439.8  457.1   80.0   67.9
1572  440.4  457.1   79.9   67.9
1573  440.1  457.5   79.8   67.9
1574  440.4  457.5   80.5   67.9
1575  439.9  457.4   80.3   67.9
1576  440.5  457.3   80.4   67.9
1577  440.4  457.4   80.9   67.9
1578  440.2  457.7   81.3   67.9
1579  440.1  457.9   80.5   67.9
1580  440.1  457.1   81.1   67.9
1581  440.2  457.5   81.0   67.9
1582  439.9  457.7   81.0   67.9
1583  440.4  457.5   81.0   67.9
1584  440.3  457.8   80.8   67.9
1585  440.2  457.4   81.6   67.9
1586  440.4  457.7   81.1   67.9
1587  440.0  457.9   81.0   67.9
1588  440.3  457.7   81.4   67.9
1589  440.0  457.1   81.7   67.9
1590  439.9  457.4   81.5   67.9
1591  439.8  456.9   81.0   67.9
1592  440.2  456.7   81.9   67.9
1593  440.1  456.7   80.5   67.9
1594  440.2  457.2   81.2   67.9
1595  440.6  457.7   81.0   67.9
1596  440.3  457.2   80.6   67.9
1597  440.3  457.7   80.7   67.9
1598  440.5  457.8   81.1   67.9
1599  440.3  457.8   80.1   67.9
1600  440.3  457.6   80.0   67.9
1601  440.2  457.4   80.0   67.9
1602  440.1  456.9   80.2   67.9
1603  439.7  457.3   81.3   67.9
1604  440.1  456.9   81.4   67.9
1605  440.2  457.6   80.3   67.9
1606  440.2  457.4   80.4   67.9
1607  440.7  457.3   80.6   67.9
1608  440.0  457.0   80.9   67.9
1609  440.5  457.7   81.7   67.9
1610  439.8  457.4   81.0   67.9
1611  440.4  457.2   79.9   67.9
1612  440.4  457.3   80.7   67.9
1613  440.1  457.3   80.9   67.9
1614  440.3  457.8   80.8   67.9
1615  440.2  457.2   80.1   67.9
1616  440.1  457.7   80.4   67.9
1617  440.5  457.8   80.8   67.9
1618  440.4  457.7   81.0   67.9
1619  440.4  457.2   81.1   67.9
1620  440.1  457.5   81.3   67.9
1621  440.7  457.8   81.6   67.9
1622  440.1  457.9   81.8   67.9
1623  440.2  458.0   80.6   67.9
1624  440.3  457.8   80.5   67.9
1625  440.4  457.9   81.4   67.9
1626  440.3  457.1   81.2   67.9
1627  440.6  457.3   80.6   67.9
1628  440.2  457.2   80.2   67.9
1629  440.2  457.0   80.4   67.9
1630  440.4  456.9   80.5   67.9
1631  440.3  457.3   81.4   67.9
1632  439.7  457.3   81.0   67.9
1633  439.7  457.8   80.6   67.9
1634  439.9  457.9   80.3   67.9
1635  440.0  457.8   80.3   67.9
1636  440.2  457.9   80.7   67.8
1637  440.2  457.8   81.6   67.9
1638  440.3  457.4   81.8   67.9
1639  440.1  457.6   81.8   67.9
1640  439.8  457.5   82.2   67.9
1641  440.3  457.9   81.3   67.9
1642  440.0  457.6   80.8   67.9
1643  440.5  457.9   80.5   67.9
1644  440.5  457.9   81.4   67.9
1645  440.3  457.7   80.1   67.9
1646  440.2  458.0   80.5   67.9
1647  439.9  457.8   81.2   67.9
1648  439.7  457.8   80.3   67.9
1649  439.8  457.5   80.3   67.9
1650  439.5  457.9   81.2   67.9
1651  439.9  457.5   81.2   67.9
1652  439.9  457.5   80.9   67.9
1653  440.0  457.9   81.7   67.9
1654  439.5  457.7   81.3   67.9
1655  439.8  458.0   82.0   67.9
1656  440.2  457.9   81.0   67.9
1657  439.6  457.4   80.6   67.9
1658  440.0  457.1   81.5   67.9
1659  440.2  457.5   81.8   67.9
1660  440.2  457.4   81.5   67.9
1661  439.9  457.5   80.4   67.9
1662  439.7  457.3   80.3   67.9
1663  440.5  457.3   80.5   67.9
1664  440.0  457.5   81.3   67.9
1665  440.2  457.4   81.5   67.9
1666  439.8  457.8   81.2   67.9
1667  440.3  457.4   80.5   67.9
1668  440.3  457.5   80.1   67.9
1669  440.2  457.9   80.7   67.9
1670  440.4  457.3   81.0   67.9
1671  439.9  457.8   81.4   67.9
1672  439.9  457.5   80.8   67.9
1673  440.2  457.7   80.9   67.9
1674  440.1  457.9   80.5   67.9
1675  440.4  457.8   80.1   67.9
1676  440.5  457.4   80.1   67.9
1677  440.5  457.5   81.4   67.9
1678  440.2  457.1   81.4   67.9
1679  439.8  457.6   81.2   67.9
1680  440.3  457.9   80.4   67.9
1681  440.5  457.7   81.5   67.9
1682  440.1  457.5   80.5   67.9
1683  440.4  457.9   80.2   67.9
1684  439.9  457.7   79.9   67.9
1685  440.3  457.8   81.2   67.9
1686  440.4  457.8   80.4   67.9
1687  440.6  457.5   80.6   67.9
1688  440.3  458.0   81.6   67.9
1689  439.5  457.7   80.3   67.9
1690  439.7  457.2   80.1   67.9
1691  440.2  457.3   81.0   67.9
1692  439.8  457.0   80.8   67.9
1693  440.4  456.8   81.8   67.9
1694  439.7  457.7   81.6   67.9
1695  440.0  457.6   80.9   67.9
1696  440.3  457.8   81.7   67.9
1697  440.2  457.2   81.8   67.9
1698  440.0  457.5   81.4   67.9
1699  439.8  457.3   82.0   67.9
1700  439.9  457.7   81.2   67.9
1701  440.1  457.8   80.9   67.9
1702  440.2  457.7   81.1   67.9
1703  440.3  457.2   81.6   67.9
1704  440.3  457.2   81.7   67.9
1705  440.0  457.4   81.1   67.9
1706  440.0  457.0   80.6   67.9
1707  440.1  457.3   80.3   67.9
1708  440.4  456.8   80.1   67.9
1709  440.0  457.1   80.4   67.9
1710  439.8  457.1   80.5   67.9
1711  440.0  456.6   79.9   67.9
1712  439.3  457.1   80.3   67.9
1713  440.0  457.6   81.0   67.9
1714  440.0  457.5   81.9   67.9
1715  440.4  457.3   81.0   67.9
1716  440.3  457.6   81.0   67.9
1717  439.8  457.3   80.6   67.9
1718  440.2  457.5   80.6   67.9
1719  440.1  457.8   81.1   67.9
1720  440.2  457.8   81.9   67.9
1721  439.8  457.6   81.5   67.9
1722  439.7  457.8   80.7   67.9
1723  440.0  458.0   81.4   67.9
1724  440.1  457.5   81.0   67.9
1725  440.1  457.8   80.8   67.9
1726  440.0  457.7   81.2   67.9
1727  439.9  457.3   80.0   67.9
1728  440.4  457.5   80.9   67.9
1729  439.9  457.5   81.0   67.9
1730  440.3  457.8   81.1   67.9
1731  440.5  457.4   80.4   67.9
1732  440.4  457.3   81.2   67.9
1733  440.3  457.5   80.5   67.9
1734  439.9  457.6   81.5   67.9
1735  440.4  457.3   81.5   67.9
1736  440.3  457.2   82.4   67.9
1737  440.3  457.4   81.0   67.9
1738  439.8  457.8   81.0   67.9
1739  440.3  457.9   81.3   67.9
1740  439.9  457.8   81.3   67.9
1741  440.4  457.6   81.1   67.9
1742  440.0  457.2   81.6   67.9
1743  440.0  457.5   81.3   67.9
1744  440.3  457.3   81.4   67.9
1745  439.8  457.0   80.7   67.9
1746  440.3  457.6   80.7   67.9
1747  440.3  457.3   80.5   67.9
1748  440.0  457.4   80.9   67.9
1749  439.6  456.9   81.2   67.9
1750  440.0  457.5   80.5   67.9
1751  439.6  457.3   80.6   67.9
1752  440.3  457.2   80.1   67.9
1753  440.5  457.0   81.3   67.9
1754  440.0  457.1   81.5   67.9
1755  440.4  457.4   81.8   67.9
1756  440.1  457.7   81.0   67.9
1757  440.4  457.9   81.4   67.9
1758  439.9  457.9   81.5   67.9
1759  440.3  457.3   80.7   67.9
1760  439.8  457.8   80.9   67.9
1761  439.8  457.8   81.7   67.9
1762  439.7  457.9   81.1   67.9
1763  439.7  457.5   81.2   67.9
1764  439.8  457.8   80.6   67.9
1765  439.9  457.1   80.3   67.9
1766  439.7  457.6   80.6   67.9
1767  439.9  457.4   80.2   67.9
1768  439.8  457.0   80.4   67.9
1769  440.6  457.4   81.5   67.9
1770  440.1  457.6   80.6   67.9
1771  440.1  457.4   80.3   67.9
1772  440.3  457.5   80.7   67.9
1773  439.8  457.0   80.8   67.9
1774  439.8  457.7   80.4   67.9
1775  440.1  457.0   79.4   67.9
1776  440.0  457.5   79.6   67.9
1777  439.7  457.3   80.8   67.9
1778  440.2  457.5   80.1   67.9
1779  440.0  457.2   80.1   67.9
1780  440.0  457.0   80.2   67.9
1781  439.9  457.5   80.3   67.9
1782  440.3  457.7   81.0   67.9
1783  440.4  457.2   80.3   67.9
1784  440.4  456.8   81.1   67.9
1785  440.0  457.1   81.9   67.9
1786  439.9  456.9   81.3   67.9
1787  439.9  457.6   82.1   67.9
1788  440.1  457.2   82.1   67.9
1789  440.0  457.0   80.4   67.9
1790  440.2  457.6   81.5   67.9
1791  439.9  457.2   80.6   67.9
1792  439.6  457.5   80.5   67.9
1793  439.4  457.8   80.0   67.9
1794  440.2  457.3   80.4   67.9
1795  440.1  457.7   80.4   67.9
1796  440.0  457.9   81.5   67.9
1797  439.8  457.2   81.7   67.9
1798  440.4  457.8   80.9   67.9
1799  440.5  457.9   81.9   67.9
1800  440.5  457.5   80.8   67.9
1801  440.1  457.9   81.2   67.9
1802  440.3  457.4   80.7   67.9
1803  440.0  457.9   80.7   67.9
1804  439.6  457.3   81.3   67.9
1805  440.2  457.6   82.0   67.9
1806  440.3  457.5   81.7   67.9
1807  440.0  457.8   82.1   67.9
1808  440.1  457.8   81.2   67.9
1809  439.8  457.8   81.5   67.9
1810  439.7  457.4   80.8   67.9
1811  440.4  457.0   81.0   67.9
1812  439.6  457.5   80.1   67.9
1813  439.7  457.3   80.2   67.9
1814  439.6  457.6   80.5   67.9
1815  439.4  457.7   80.1   67.9
1816  439.7  457.4   81.3   67.9
1817  440.2  457.1   81.5   67.9
1818  440.1  456.9   81.6   67.9
1819  439.7  457.6   81.4   67.9
1820  439.7  457.8   81.0   67.9
1821  440.2  457.3   80.4   67.9
1822  439.6  457.2   80.6   67.9
1823  440.1  457.0   79.7   67.9
1824  439.9  457.3   80.9   67.9
1825  439.8  457.7   80.4   67.9
1826  440.0  457.4   80.8   67.9
1827  440.4  457.8   81.0   67.9
1828  440.0  457.7   80.7   67.9
1829  440.3  457.3   81.3   67.9
1830  440.3  457.6   81.1   67.9
1831  439.5  457.7   80.7   67.9
1832  440.4  457.9   80.6   67.9
1833  440.3  457.9   79.8   67.9
1834  440.1  457.9   79.3   67.9
1835  439.7  457.3   80.8   67.9
1836  440.3  457.2   80.7   67.9
1837  439.9  457.2   80.1   67.9
1838  439.9  456.9   80.5   67.9
1839  440.2  457.6   80.3   67.8
1840  440.1  457.8   80.7   67.8
1841  439.9  457.9   80.8   67.8
1842  439.6  458.0   81.4   67.8
1843  439.7  458.0   82.3   67.8
1844  440.0  458.0   82.2   67.8
1845  440.1  457.6   81.7   67.8
1846  440.1  457.4   81.5   67.8
1847  440.5  457.5   80.9   67.9
1848  440.0  457.9   81.7   67.9
1849  440.5  457.6   81.6   67.9
1850  439.9  457.6   80.3   67.9
1851  439.9  457.1   80.6   67.9
1852  440.4  457.1   81.2   67.9
1853  440.2  457.6   80.5   67.9
1854  440.2  457.8   80.7   67.9
1855  440.2  457.6   80.7   67.9
1856  440.4  457.4   80.7   67.9
1857  440.5  457.8   81.4   67.9
1858  440.5  457.6   80.6   67.9
1859  440.3  457.8   80.2   67.9
1860  440.4  457.5   80.5   67.9
1861  440.4  457.5   80.6   67.9
1862  440.4  457.4   80.8   67.9
1863  440.7  457.8   81.0   67.9
1864  440.8  457.9   80.3   67.9
1865  440.6  457.9   81.3   67.9
1866  440.5  457.8   80.9   67.9
1867  440.7  457.9   81.2   67.9
1868  440.6  457.1   80.3   67.9
1869  440.8  457.4   80.2   67.9
1870  440.9  457.3   81.4   67.9
1871  440.3  457.1   80.8   67.9
1872  440.8  457.5   80.9   67.9
1873  440.4  456.9   80.7   67.9
1874  440.3  457.1   81.3   67.9
1875  440.4  457.0   81.8   67.9
1876  440.1  457.0   82.1   67.9
1877  440.3  457.3   81.4   67.9
1878  440.4  457.4   81.4   67.9
1879  440.5  457.3   80.9   67.9
1880  440.4  457.2   80.7   67.9
1881  440.0  457.5   81.0   67.9
1882  440.5  457.7   81.2   67.9
1883  439.8  457.1   81.5   67.9
1884  440.5  457.6   80.7   67.9
1885  440.6  457.8   80.6   67.9
1886  440.2  457.9   81.0   67.9
1887  440.3  457.9   81.5   67.9
1888  440.0  457.3   81.8   67.9
1889  439.9  457.9   81.6   67.9
1890  439.7  457.1   81.6   67.9
1891  439.9  457.6   81.0   67.9
1892  439.7  457.9   81.6   67.9
1893  439.8  457.8   80.9   67.9
1894  440.6  457.9   81.2   67.9
1895  440.3  457.7   80.9   67.9
1896  439.7  457.4   80.6   67.9
1897  439.8  457.1   80.8   67.9
1898  440.3  457.6   81.1   67.9
1899  440.0  457.3   81.2   67.9
1900  439.9  457.1   81.5   67.9
1901  440.2  457.1   81.0   67.9
1902  440.3  457.3   81.3   67.9
1903  440.3  457.5   80.3   67.9
1904  440.5  457.2   81.3   67.9
1905  440.5  457.0   80.4   67.9
1906  440.4  457.5   80.2   67.9
1907  440.1  457.7   80.7   67.9
1908  440.0  457.1   81.0   67.9
1909  440.5  457.1   81.3   67.9
1910  440.4  457.7   81.1   67.9
1911  440.2  457.3   80.9   67.9
1912  439.9  457.2   81.6   67.9
1913  440.6  457.6   80.9   67.9
1914  440.5  457.0   79.9   67.9
1915  440.4  457.7   80.0   67.9
1916  440.5  457.9   80.7   67.9
1917  440.6  457.4   80.8   67.9
1918  440.6  457.8   80.3   67.9
1919  440.5  457.8   80.9   67.9
1920  440.8  457.5   81.1   67.9
1921  440.3  457.3   81.1   67.9
1922  440.3  457.5   81.0   67.9
1923  439.9  457.3   80.2   67.9
1924  440.4  457.6   80.7   67.9
1925  440.5  457.1   80.6   67.9
1926  439.7  457.7   80.9   67.9
1927  440.6  457.2   81.9   67.9
1928  440.2  457.1   81.1   67.9
1929  440.5  457.6   80.7   67.9
1930  440.3  457.0   81.7   67.9
1931  440.4  457.5   80.8   67.9
1932  440.4  457.7   80.5   67.9
1933  440.6  457.9   81.0   67.9
1934  439.7  457.4   81.0   67.9
1935  440.0  457.2   81.9   67.9
1936  440.3  457.6   81.7   67.9
1937  440.3  457.8   81.3   67.9
1938  440.6  458.0   81.5   67.9
1939  439.9  457.6   81.0   67.9
1940  440.2  457.7   80.3   67.9
1941  440.5  457.9   80.7   67.9
1942  440.2  457.3   79.9   67.9
1943  440.6  457.0   79.6   67.9
1944  440.2  457.4   80.3   67.9
1945  440.4  457.3   79.8   67.9
1946  440.3  457.0   80.6   67.9
1947  440.1  457.2   80.1   67.9
1948  439.9  457.3   80.0   67.9
1949  440.4  457.2   80.6   67.9
1950  440.0  457.7   80.5   67.9
1951  440.1  457.7   80.4   67.9
1952  440.3  457.7   79.8   67.9
1953  439.9  457.1   80.4   67.9
1954  439.9  456.9   80.5   67.9
1955  440.7  456.9   81.5   67.9
1956  440.6  456.7   81.9   67.9
1957  440.6  457.4   82.5   67.9
1958  439.8  457.7   81.0   67.9
1959  439.7  457.1   81.4   67.9
1960  440.5  457.1   80.4   67.9
1961  440.3  457.1   80.4   67.8
1962  440.4  457.6   80.7   67.8
1963  440.3  457.5   80.4   67.8
1964  440.1  457.1   80.8   67.8
1965  440.4  457.1   80.7   67.8
1966  440.6  457.1   80.6   67.9
1967  440.5  457.0   81.4   67.9
1968  439.7  457.2   80.9   67.9
1969  440.1  457.6   80.8   67.9
1970  440.6  457.7   80.8   67.9
1971  440.3  457.5   80.7   67.9
1972  440.5  457.0   80.6   67.9
1973  440.1  457.5   80.8   67.9
1974  440.3  457.4   80.3   67.9
1975  440.6  457.7   80.6   67.9
1976  440.0  457.9   80.0   67.9
1977  440.3  457.4   79.9   67.9
1978  440.0  457.7   80.4   67.9
1979  440.2  457.9   80.3   67.9
1980  439.9  458.0   80.3   67.9
1981  440.2  457.4   81.1   67.9
1982  440.4  457.8   81.8   67.9
1983  440.3  457.4   81.1   67.9
1984  439.7  457.8   80.0   67.9
1985  440.4  457.9   80.4   67.9
1986  439.6  457.9   80.2   67.9
1987  440.5  457.9   81.0   67.8
1988  439.9  457.4   81.0   67.9
1989  440.2  457.1   80.8   67.9
1990  440.1  457.6   81.2   67.9
1991  439.7  457.0   81.5   67.9
1992  439.5  457.7   81.6   67.9
1993  439.8  457.3   81.2   67.9
1994  439.7  457.0   82.0   67.9
1995  439.9  457.2   81.1   67.9
1996  440.5  457.6   80.5   67.9
1997  440.4  457.1   80.0   67.9
1998  439.8  457.4   79.5   67.9
1999  439.9  457.4   80.0   67.9
